1	1	3992	#EEE950	1
2	1	4293	#EEE950	1
3	1	3664	#4AA45B	1
4	1	3482	#3D55A0	1
5	1	3382	#b8b4a1	1
6	1	2939	#C765A3	1
7	1	3677	#4AA45B	1
8	1	4040	#EEE950	1
9	1	2649	#D8473D	1
10	1	2692	#D8473D	1
11	1	2868	#E2974F	1
12	1	3642	#b8b4a1	1
13	1	3467	#3D55A0	1
14	1	2944	#437579	1
15	1	3266	#b8b4a1	1
16	1	2852	#D8473D	1
17	1	3133	#C765A3	1
18	1	3095	#3D55A0	1
19	1	4005	#EEE950	1
20	1	3252	#4AA45B	1
21	1	2779	#E2974F	1
22	1	3300	#4AA45B	1
22	3301	3392	#E2974F	1
23	1	2589	#C765A3	1
24	1	2373	#E2974F	1
24	2374	2425	#b8b4a1	1
24	2426	2476	#4AA45B	1
25	1	3270	#b8b4a1	1
26	1	2934	#437579	1
27	1	2768	#C765A3	1
28	1	2411	#D8473D	1
29	1	2702	#437579	1
30	1	2513	#E2974F	1
31	1	2877	#3D55A0	1
32	1	2697	#437579	1
