1	1	3992	#EEE950	1
2	1	4293	#EEE950	4
3	1	3664	#4AA45B	4
4	1	3482	#3D55A0	4
5	1	1679	#FCBCD7	3
5	1680	3382	#834127	3
6	1	2939	#C765A3	4
7	1	3677	#4AA45B	1
8	1	4040	#EEE950	2
9	1	2649	#D8473D	4
10	1	2692	#D8473D	1
11	1	2868	#E2974F	4
12	1	2087	#834127	1
12	2088	3642	#FCBCD7	1
13	1	3467	#3D55A0	2
14	1	2304	#834127	1
14	2305	2944	#FCBCD7	1
15	1	1633	#FCBCD7	2
15	1634	3266	#834127	2
16	1	2852	#D8473D	2
17	1	3133	#C765A3	1
18	1	3095	#3D55A0	3
19	1	4005	#EEE950	3
20	1	3252	#4AA45B	3
21	1	2779	#E2974F	2
22	1	3300	#4AA45B	2
22	3301	3392	#E2974F	2
23	1	2589	#C765A3	2
24	1	2373	#E2974F	3
24	2374	2425	#b8b4a1	3
24	2426	2476	#4AA45B	3
25	1	1560	#FCBCD7	4
25	1561	3270	#834127	4
26	1	782	#FCBCD7	2
26	783	2934	#834127	2
27	1	2768	#C765A3	3
28	1	2411	#D8473D	3
29	1	2100	#834127	4
29	2101	2702	#FCBCD7	4
30	1	2513	#E2974F	1
31	1	2877	#3D55A0	1
32	1	770	#FCBCD7	3
32	771	2697	#834127	3
