1	1	4259	#EEE950	1
1	4260	4322	#D8473D	1
1	4323	4440	#EEE950	1
1	4441	6711	#D8473D	1
2	1	287	#E2974F	1
2	288	1209	#3D55A0	1
2	1210	3934	#C765A3	1
3	1	2606	#3D55A0	1
3	2607	5192	#E2974F	1
4	1	1030	#834127	1
4	1031	3937	#4AA45B	1
5	1	2089	#834127	1
5	2090	2661	#FCBCD7	1
5	2662	3362	#4AA45B	1
5	3363	4155	#FCBCD7	1
5	4156	5303	#834127	1
5	5304	6029	#FCBCD7	1
6	1	4664	#EEE950	1
7	1	2894	#D8473D	1
8	1	3900	#3D55A0	1
9	1	3244	#C765A3	1
10	1	3225	#E2974F	1
11	1	2181	#834127	1
11	2182	2915	#FCBCD7	1
11	2916	3945	#834127	1
12	1	3933	#4AA45B	1
13	1	1113	#FCBCD7	1
13	1114	2339	#834127	1
13	2340	3097	#FCBCD7	1