1	1	3308	#3D55A0	1
2	1	1127	#9ac9db	1
2	1128	1884	#f0768b	1
2	1885	2120	#4AA45B	1
2	2121	3522	#f0768b	1
3	1	4240	#EEE950	1
4	1	2416	#E2974F	1
4	2417	3921	#C765A3	1
5	1	2567	#C765A3	1
5	2568	3634	#D8473D	1
5	3635	4147	#E2974F	1
6	1	2317	#E2974F	1
6	2318	3822	#C765A3	1
7	1	459	#E2974F	1
7	460	1185	#C765A3	1
7	1186	2971	#D8473D	1
7	2972	3489	#C765A3	1
7	3490	3743	#D8473D	1
7	3744	3869	#C765A3	1
7	3870	4323	#D8473D	1
8	1	3728	#9ac9db	1
9	1	2672	#E2974F	1
9	2673	3553	#D8473D	1
9	3554	4113	#C765A3	1
9	4114	4813	#D8473D	1
10	1	3587	#4AA45B	1
11	1	3753	#4AA45B	1
11	3754	6514	#f0768b	1
12	1	3832	#4AA45B	1
13	1	3531	#9ac9db	1
14	1	4365	#EEE950	1
15	1	3812	#3D55A0	1
16	1	464	#E2974F	1
16	465	1142	#C765A3	1
16	1143	2821	#D8473D	1
16	2822	3330	#C765A3	1
16	3331	3591	#D8473D	1
16	3592	3726	#C765A3	1
16	3727	4148	#D8473D	1
17	1	4612	#EEE950	1
17	4613	4719	#D8473D	1
18	1	2792	#f0768b	1
19	1	3546	#3D55A0	1
20	1	2963	#9ac9db	1
20	2964	3701	#f0768b	1
