1	1	3308	#3D55A0	1
2	1	684	#437579	1
2	685	717	#4AA45B	1
2	718	1121	#437579	1
2	1122	1298	#b8b4a1	1
2	1299	1884	#437579	1
2	1885	2120	#4AA45B	1
2	2121	3522	#437579	1
3	1	4240	#EEE950	1
4	1	2416	#E2974F	1
4	2417	3921	#C765A3	1
5	1	2567	#C765A3	1
5	2568	3634	#D8473D	1
5	3635	4147	#E2974F	1
6	1	2317	#E2974F	1
6	2318	3822	#C765A3	1
7	1	459	#E2974F	1
7	460	1185	#C765A3	1
7	1186	2971	#D8473D	1
7	2972	3489	#C765A3	1
7	3490	3743	#D8473D	1
7	3744	3869	#C765A3	1
7	3870	4323	#D8473D	1
8	1	89	#437579	1
8	90	1843	#b8b4a1	1
8	1844	2768	#437579	1
8	2769	3728	#b8b4a1	1
9	1	2672	#E2974F	1
9	2673	3553	#D8473D	1
9	3554	4113	#C765A3	1
9	4114	4813	#D8473D	1
10	1	3587	#4AA45B	1
11	1	3746	#4AA45B	1
11	3747	4604	#b8b4a1	1
11	4605	6514	#437579	1
12	1	3832	#4AA45B	1
13	1	2582	#b8b4a1	1
13	2583	3531	#437579	1
14	1	4365	#EEE950	1
15	1	3812	#3D55A0	1
16	1	464	#E2974F	1
16	465	1142	#C765A3	1
16	1143	2823	#D8473D	1
16	2824	3330	#C765A3	1
16	3331	3591	#D8473D	1
16	3592	3727	#C765A3	1
16	3728	4148	#D8473D	1
17	1	4612	#EEE950	1
17	4613	4719	#D8473D	1
18	1	868	#b8b4a1	1
18	869	2792	#437579	1
19	1	3546	#3D55A0	1
20	1	3701	#b8b4a1	1
